$\eta$								
5								
$dN_{ch}/d\eta$								
$dN_{ch}/d\eta$
$dN_{ch}/d\eta$
$dN_{ch}/d\eta$
$dN_{ch}/d\eta$														
$0-20\%$ centrality								
$20-40\%$ centrality								
$40-60\%$ centrality								
$60-80\%$ centrality								
$80-100\%$ centrality								
no
none
none
1
Systematic
asymmetric
-5.3  14.770778  3.263135  3.534947 
-5.1  15.775605  2.801112  4.089393 
-4.9  16.030640  3.126131  3.666607 
-4.7  16.896170  2.870998  3.696945 
-4.5  16.786045  3.612793  2.652357 
-4.3  17.798939  3.241711  2.679486 
-4.1  18.715219  2.964390  2.598503 
-3.9  19.412439  2.888737  2.320339 
-3.7  20.857679  2.032009  2.840401 
-3.5  21.417221  2.011662  2.549206 
-3.3  22.587006  1.315502  2.963409 
-3.1  22.248688  2.046329  1.982086 
-2.9  22.562180  2.030111  1.779253 
-2.7  22.560930  2.221474  1.398943 
-2.5  22.749557  2.106813  1.352539 
-2.3  22.928396  1.880436  1.442968 
-2.1  22.813160  1.825512  1.384043 
-1.9  22.960215  1.389231  1.725462 
-1.7  22.670698  1.278938  1.756821 
-1.5  22.148575  1.304029  1.665726 
-1.3  21.615126  1.261084  1.652647 
-1.1  20.996445  1.245594  1.619129 
-0.9  20.057413  1.516813  1.302883 
-0.7  19.405575  1.492294  1.283239 
-0.5  18.779785  1.457319  1.271788 
-0.3  18.202597  1.410421  1.267054 
-0.1  17.743143  1.298386  1.319780 
0.1  17.245951  1.285591  1.263960 
0.3  16.777397  1.306206  1.164978 
0.5  16.401293  1.288042  1.096020 
0.7  16.192678  1.139130  1.151547 
0.9  15.945663  1.041275  1.153522 
1.1  15.689440  0.936396  1.164583 
1.3  15.261436  0.956467  1.057380 
1.5  14.931284  0.803014  1.134245 
1.7  14.234889  0.916463  0.957065 
1.9  13.501287  0.952199  0.870667 
2.1  12.741189  0.894009  0.889162 
2.3  11.611946  1.089935  0.660328 
2.5  10.639478  1.029872  0.688617 
2.7  9.596102  0.966085  0.715547 
2.9  8.582106  0.829039  0.804873 
3.1  7.673891  0.576143  0.994775 
3.3  6.604158  0.508340  0.981930 
3.5  5.477372  0.551721  0.840189 
3.7  4.537561  0.487455  0.790554 
3.9  3.345261  0.773410  0.379121 
4.1  2.578927  0.742188  0.278377 
4.3  2.065141  0.571192  0.316391 
4.5  1.757340  0.304787  0.453949 
4.7  1.288609  0.302834  0.335488 
4.9  0.956051  0.257815  0.271643 
5.1  0.668134  0.248944  0.185021 
5.3  0.535830  0.152316  0.200138
***
-5.3  8.816873  2.147992  1.875553 
-5.1  9.202115  1.887355  1.998212 
-4.9  9.285014  2.006341  1.744739 
-4.7  9.892129  1.674299  1.944476 
-4.5  10.235587  1.672604  1.814898 
-4.3  10.824824  1.482858  1.873525 
-4.1  11.183966  1.569572  1.655357 
-3.9  11.641609  1.590569  1.502547 
-3.7  12.258121  1.470037  1.491396 
-3.5  12.652138  1.572499  1.258388 
-3.3  13.346063  1.357952  1.345031 
-3.1  13.856317  1.292344  1.287282 
-2.9  14.310760  1.230983  1.232026 
-2.7  14.640260  1.227840  1.127601 
-2.5  14.818705  1.296417  0.962742 
-2.3  15.008976  1.264580  0.911539 
-2.1  15.267276  1.070918  1.036852 
-1.9  15.468234  0.840138  1.214715 
-1.7  15.386880  0.801345  1.215889 
-1.5  15.086528  0.900080  1.093691 
-1.3  14.817876  0.898815  1.083463 
-1.1  14.511133  0.884043  1.095541 
-0.9  14.054735  0.986425  0.995279 
-0.7  13.577764  1.096933  0.887213 
-0.5  13.258274  1.056862  0.925448 
-0.3  12.845018  1.134376  0.837623 
-0.1  12.562164  1.118134  0.831799 
0.1  12.440367  0.984829  0.929405 
0.3  12.260535  0.954459  0.910308 
0.5  12.108072  0.935724  0.867558 
0.7  12.121871  0.777355  0.955938 
0.9  12.035233  0.728207  0.931459 
1.1  11.854028  0.760765  0.827197 
1.3  11.714803  0.715198  0.808426 
1.5  11.539124  0.647408  0.823696 
1.7  11.278852  0.586164  0.846964 
1.9  10.688393  0.762958  0.647213 
2.1  10.185770  0.752469  0.647829 
2.3  9.468676  0.857364  0.542027 
2.5  8.800549  0.822213  0.579494 
2.7  8.085507  0.757794  0.642927 
2.9  7.389049  0.618929  0.771132 
3.1  6.569038  0.571589  0.792814 
3.3  5.620753  0.645716  0.674463 
3.5  4.785146  0.624869  0.631113 
3.7  4.127418  0.465828  0.706809 
3.9  3.105563  0.728668  0.344289 
4.1  2.518044  0.628229  0.333019 
4.3  2.117820  0.419790  0.422883 
4.5  1.925853  0.085744  0.636848 
4.7  1.282791  0.284500  0.321473 
4.9  0.957316  0.242978  0.253966 
5.1  0.715844  0.187860  0.210671 
5.3  0.500093  0.168996  0.143577
***
-5.3  4.726464  0.963654  1.032348 
-5.1  4.946932  1.015900  1.068478 
-4.9  5.088359  1.147319  0.979713 
-4.7  5.450269  1.061468  1.064456 
-4.5  5.648506  1.146540  0.939103 
-4.3  6.124831  0.965405  1.047939 
-4.1  6.526169  0.875748  1.042618 
-3.9  7.060640  0.673179  1.138306 
-3.7  7.072371  1.015409  0.688460 
-3.5  7.540907  0.921804  0.684039 
-3.3  8.013624  0.840101  0.685530 
-3.1  8.574220  0.677443  0.790870 
-2.9  9.115504  0.527699  0.907502 
-2.7  9.269095  0.742610  0.681211 
-2.5  9.546563  0.792180  0.636321 
-2.3  9.850530  0.755720  0.685860 
-2.1  9.999151  0.799781  0.655157 
-1.9  10.208440  0.698139  0.763460 
-1.7  10.253044  0.672810  0.784231 
-1.5  10.193158  0.668041  0.771912 
-1.3  10.067694  0.656939  0.755300 
-1.1  9.866607  0.667817  0.710502 
-0.9  9.542926  0.769924  0.573972 
-0.7  9.365346  0.718001  0.596461 
-0.5  9.221101  0.646461  0.647495 
-0.3  9.069622  0.613100  0.670744 
-0.1  8.930726  0.608971  0.673863 
0.1  8.736418  0.705590  0.581693 
0.3  8.766684  0.619122  0.673011 
0.5  8.778087  0.582662  0.709497 
0.7  8.701973  0.649587  0.633634 
0.9  8.701572  0.638416  0.624786 
1.1  8.631227  0.675673  0.556812 
1.3  8.594578  0.639655  0.554175 
1.5  8.613633  0.493035  0.658720 
1.7  8.424585  0.488265  0.623284 
1.9  8.125016  0.521119  0.557037 
2.1  7.725324  0.579542  0.475627 
2.3  7.260299  0.631908  0.412212 
2.5  6.851946  0.563663  0.480522 
2.7  6.419870  0.466142  0.586203 
2.9  5.861215  0.455646  0.608281 
3.1  5.257118  0.465921  0.607470 
3.3  4.531034  0.588785  0.486435 
3.5  3.971794  0.550109  0.514631 
3.7  3.468697  0.473908  0.564826 
3.9  2.778037  0.615212  0.380580 
4.1  2.289702  0.593063  0.343294 
4.3  1.966812  0.450709  0.411807 
4.5  1.899316  0.102018  0.675576 
4.7  1.261514  0.374148  0.311498 
4.9  1.018220  0.301695  0.289243 
5.1  0.792198  0.259637  0.237855 
5.3  0.567827  0.260101  0.148636
***
-5.3  2.239402  0.489287  0.540290 
-5.1  2.375780  0.480524  0.553205 
-4.9  2.347169  0.644077  0.386778 
-4.7  2.624640  0.512135  0.508745 
-4.5  2.839823  0.456983  0.547329 
-4.3  3.024485  0.451137  0.531201 
-4.1  3.239041  0.438333  0.518490 
-3.9  3.476501  0.428883  0.501291 
-3.7  3.654421  0.506870  0.398190 
-3.5  3.934225  0.509943  0.374065 
-3.3  4.239038  0.510735  0.358223 
-3.1  4.657526  0.412608  0.448249 
-2.9  5.086706  0.306938  0.552466 
-2.7  5.341348  0.364445  0.498606 
-2.5  5.501608  0.488934  0.380347 
-2.3  5.760256  0.471932  0.403202 
-2.1  5.962673  0.454811  0.423073 
-1.9  6.097855  0.439767  0.435913 
-1.7  6.087327  0.502404  0.365611 
-1.5  6.195885  0.381671  0.474188 
-1.3  6.173150  0.338019  0.503403 
-1.1  5.968738  0.436985  0.390616 
-0.9  5.858546  0.420893  0.396335 
-0.7  5.721308  0.429887  0.382458 
-0.5  5.600768  0.437311  0.376355 
-0.3  5.586528  0.366790  0.453584 
-0.1  5.482467  0.422374  0.407928 
0.1  5.479797  0.414834  0.425597 
0.3  5.484697  0.434176  0.413410 
0.5  5.614249  0.354517  0.494630 
0.7  5.566872  0.464955  0.378662 
0.9  5.586811  0.506635  0.324284 
1.1  5.703201  0.435303  0.377082 
1.3  5.805893  0.346968  0.443482 
1.5  5.770019  0.354584  0.413551 
1.7  5.751137  0.293825  0.454630 
1.9  5.570490  0.338382  0.395469 
2.1  5.277672  0.437494  0.288271 
2.3  5.056797  0.409632  0.314799 
2.5  4.815454  0.353111  0.375765 
2.7  4.491962  0.338166  0.398964 
2.9  4.163269  0.298241  0.448339 
3.1  3.711753  0.362312  0.392077 
3.3  3.183016  0.496227  0.261685 
3.5  2.826412  0.461414  0.293619 
3.7  2.573902  0.335401  0.408994 
3.9  2.134754  0.416680  0.308802 
4.1  1.829139  0.390877  0.307717 
4.3  1.645309  0.273527  0.391179 
4.5  1.611725  0.038055  0.587211 
4.7  1.113359  0.299718  0.282264 
4.9  0.878881  0.328730  0.207869 
5.1  0.753340  0.277930  0.212808 
5.3  0.577297  0.304000  0.14177
***
-5.3  1.023981  0.267264  0.485223 
-5.1  0.924576  0.442567  0.356907 
-4.9  1.009716  0.438385  0.400902 
-4.7  0.979478  0.556484  0.314708 
-4.5  1.261253  0.371900  0.523110 
-4.3  1.373475  0.369174  0.542115 
-4.1  1.526761  0.341046  0.580353 
-3.9  1.593412  0.418629  0.508885 
-3.7  1.542957  0.635366  0.297053 
-3.5  1.722265  0.646266  0.292894 
-3.3  1.859480  0.723246  0.227301 
-3.1  2.486484  0.331985  0.636616 
-2.9  2.660705  0.409634  0.584410 
-2.7  2.871545  0.458273  0.567717 
-2.5  3.077382  0.508292  0.553641 
-2.3  3.312544  0.512343  0.585759 
-2.1  3.515522  0.518548  0.611604 
-1.9  3.661851  0.539360  0.614719 
-1.7  3.774908  0.542547  0.624605 
-1.5  3.838034  0.540579  0.628049 
-1.3  3.747842  0.638259  0.521801 
-1.1  3.641051  0.706031  0.439037 
-0.9  3.565577  0.708167  0.420419 
-0.7  3.589778  0.592010  0.523743 
-0.5  3.507022  0.581324  0.529368 
-0.3  3.502539  0.507102  0.608380 
-0.1  3.494355  0.464395  0.665213 
0.1  3.517057  0.426726  0.723300 
0.3  3.451180  0.515572  0.656291 
0.5  3.432736  0.590546  0.599044 
0.7  3.445436  0.657749  0.540628 
0.9  3.611327  0.580508  0.614781 
1.1  3.588920  0.683218  0.496814 
1.3  3.641449  0.685363  0.469665 
1.5  3.724612  0.616062  0.508785 
1.7  3.782995  0.519576  0.575537 
1.9  3.756496  0.450207  0.620990 
2.1  3.472573  0.580576  0.476445 
2.3  3.290338  0.557210  0.497036 
2.5  3.185444  0.414605  0.647434 
2.7  2.938067  0.385676  0.691718 
2.9  2.638886  0.393979  0.701910 
3.1  2.067986  0.673096  0.439544 
3.3  1.697392  0.762717  0.360507 
3.5  1.516243  0.682569  0.441784 
3.7  1.398569  0.564282  0.549942 
3.9  1.160665  0.594135  0.498382 
4.1  0.995502  0.579134  0.481015 
4.3  0.946052  0.474366  0.544498 
4.5  1.063594  0.225423  0.745387 
4.7  0.791403  0.385380  0.532792 
4.9  0.622539  0.457522  0.405394 
5.1  0.517473  0.478069  0.328584 
5.3  0.502554  0.417895  0.332706
***